lnsalary,age,yrrank,yremp,yrdeg,male,nonwhite,assistant,associate,PhD
11.218232204815942,55,6,12,19,0,0,0,0,1
11.190858965656616,47,9,17,14,1,0,0,1,1
11.210562825048497,55,13,17,22,1,1,0,1,1
10.79599775574488,63,16,16,23,1,0,0,1,1
11.207310216708422,62,20,30,25,1,0,0,1,1
10.815770263012745,37,1,1,1,1,0,1,0,1
10.795485591841238,38,1,1,8,1,0,1,0,1
10.761089288061603,29,2,2,2,0,1,1,0,1
10.908466587905721,46,5,7,14,1,0,0,1,1
11.00909200561469,46,5,11,15,1,0,0,1,1
11.112134416406944,57,11,23,28,1,0,0,0,1
10.871554462190879,59,19,24,23,1,0,0,1,1
10.83639938542652,51,19,24,24,1,0,0,1,1
10.778956289890028,35,1,1,5,1,1,1,0,1
10.805009764705105,31,3,3,3,0,0,1,0,1
11.144163480467705,46,3,9,19,1,0,0,0,1
10.728211090884793,60,4,4,12,0,1,1,0,1
11.11353685748066,64,4,17,33,1,0,0,0,1
10.746217854635562,47,5,12,16,1,0,0,1,1
11.01465403977559,49,8,8,16,1,1,0,1,1
11.286087598067747,50,8,19,21,0,0,0,0,1
11.457063856972814,54,9,9,26,0,0,0,0,1
10.904487012337237,61,22,31,34,1,0,0,0,1
10.858998997563564,38,0,0,4,0,0,1,0,1
10.715195244217844,43,1,1,21,1,1,1,0,0
10.795485591841238,43,3,3,13,1,0,1,0,1
11.013418871923953,42,4,10,12,1,1,0,1,1
10.999145481377802,63,5,27,35,1,1,0,0,1
10.865095759100743,48,6,6,6,1,0,0,1,1
11.045733878224299,44,0,16,15,1,0,0,0,1
10.750921118000695,32,1,1,3,0,0,1,0,1
10.72245207378078,32,2,2,2,1,0,1,0,1
10.852574558825365,35,2,2,4,1,0,1,0,1
11.019661397083242,46,2,19,18,0,0,0,0,1
10.856071640107553,34,3,3,6,1,0,1,0,1
10.962925793628768,47,3,3,16,1,0,0,1,1
10.9492087798385,48,3,18,17,1,0,0,0,1
11.02557219738938,56,3,28,28,1,0,0,0,1
11.082726993441389,39,5,12,11,1,0,0,1,1
10.890423123979614,40,7,7,12,0,0,1,0,1
10.862473722937901,59,7,28,31,1,0,0,0,1
11.105934192866018,48,8,20,20,0,0,0,0,1
11.150476741945255,45,12,18,18,1,0,0,0,1
11.277241105411683,52,12,22,26,1,0,0,0,1
11.511674683068575,57,12,22,26,1,0,0,0,1
11.093843060902879,56,13,23,28,1,0,0,0,1
11.02141215223661,52,14,20,19,1,0,0,1,1
10.937170132451657,52,16,18,22,1,0,0,1,1
10.904321618285532,57,17,22,27,1,0,0,1,1
11.21958742766229,56,17,26,29,1,0,0,0,1
11.281422067311539,58,18,28,27,1,0,0,0,1
10.775408336674342,51,19,19,23,1,0,0,1,1
11.042921835724492,36,0,0,7,1,0,1,0,1
10.864273524296834,36,1,1,1,0,0,1,0,1
10.868568448579715,31,2,2,2,0,1,1,0,1
10.819778284410283,32,2,2,2,0,0,1,0,1
11.014900890374633,30,3,3,3,1,0,1,0,1
11.299150392097582,52,3,3,23,1,0,0,0,1
10.862071196600535,40,3,9,9,1,0,0,1,1
10.943940927030706,43,3,10,8,1,0,0,1,1
11.093919086295397,39,4,4,9,1,0,0,1,1
11.80031249390095,64,4,4,41,1,0,0,0,1
10.947890017174078,60,4,20,32,1,0,0,0,1
11.156393367971244,46,5,10,12,1,0,0,1,1
10.929726261557809,45,5,11,11,1,0,0,1,1
11.389876086441317,52,7,14,17,1,0,0,0,1
11.18795680773243,53,8,21,22,1,0,0,0,1
11.476976992194007,48,9,17,21,0,0,0,0,1
11.391638798762143,60,13,13,24,1,0,0,0,1
11.525584993916983,56,14,18,24,1,0,0,0,1
10.858556592024357,64,22,33,36,1,0,0,0,1
10.99800814830098,46,0,11,16,1,0,0,0,1
10.629827700451838,35,1,1,3,1,0,1,0,1
10.685309309535713,37,1,1,4,1,0,1,0,1
10.575921691498532,42,1,1,8,0,0,1,0,1
10.750921118000695,46,1,1,17,1,1,1,0,1
10.909618988410072,43,2,2,8,1,0,1,0,1
10.651643616126872,41,2,8,8,1,0,0,1,1
10.8846292567299,42,2,12,12,1,0,1,0,1
10.898848211393764,44,2,15,14,1,0,0,0,1
10.823252243221784,43,3,3,7,1,0,1,0,1
10.769179485646914,47,3,17,10,1,1,0,1,1
10.876290934233968,39,4,4,11,1,0,0,1,1
10.966628091895984,50,6,18,17,1,0,0,0,1
10.781619407309512,45,7,13,13,1,0,0,1,1
10.988710604085222,55,7,16,21,1,0,0,0,1
11.076990840045864,48,7,21,21,1,1,0,0,1
10.981471873408271,49,7,22,21,1,0,0,0,1
10.99881110590447,56,8,27,27,1,0,0,0,1
10.698039936810567,43,9,15,14,1,0,0,1,1
10.849938847305134,55,10,10,26,1,0,0,1,1
10.907734215168517,44,11,18,18,1,0,0,1,1
10.776139827380453,44,11,18,18,1,0,0,1,1
11.541853000043409,64,12,12,35,1,0,0,0,1
11.05781832996058,49,12,18,17,1,0,0,0,1
10.72134924601891,47,13,18,17,1,0,0,1,1
10.92843536043726,47,13,19,18,1,0,0,1,1
11.20192017521155,56,14,14,29,1,0,0,0,1
11.03372769888455,69,14,23,34,1,0,0,0,1
11.058968398224943,49,16,18,20,1,0,0,0,1
10.946622366734951,54,19,19,25,1,0,0,1,1
10.82091763510371,53,19,27,27,1,0,0,1,1
11.246300135044057,62,20,31,31,1,0,0,0,1
10.915833641046829,66,20,34,33,1,0,0,0,1
10.713639688348616,58,21,26,26,1,0,0,1,1
10.811685627012828,56,23,29,28,1,0,0,1,1
10.676600514733956,38,0,8,12,0,0,0,1,0
10.74645461999144,39,2,8,8,1,0,0,1,0
10.76206442221981,41,3,5,8,0,0,0,1,1
10.913796721182786,40,4,10,10,1,0,0,1,0
11.032871499870991,52,4,23,21,1,0,0,0,1
11.040214173312895,56,4,27,30,1,0,0,0,0
10.933910218455196,50,5,5,21,1,0,0,1,0
11.201182913422926,68,5,26,39,1,0,0,0,0
11.05372724643721,56,6,13,31,1,0,0,0,0
11.752808132288715,51,8,16,19,1,0,0,0,1
11.071625903852848,58,9,20,31,1,0,0,0,0
11.083218892489029,57,11,29,30,1,0,0,0,0
11.034599299294824,55,15,20,28,1,0,0,1,0
11.29295188398684,66,19,19,31,1,0,0,0,0
11.22570995033009,72,26,27,43,1,0,0,0,0
11.33852445764401,68,30,30,38,1,0,0,0,0
11.059535068579637,47,1,16,16,0,0,0,0,1
11.06735685416473,52,7,23,23,1,0,0,0,1
11.043081822925858,46,10,17,16,1,1,0,1,1
11.175913082496507,66,19,19,35,1,0,0,0,1
11.148319150705216,73,20,20,41,1,0,0,0,1
10.710744363386148,47,3,9,10,0,0,0,1,1
10.856727188188485,48,10,21,17,0,0,0,1,1
11.185601257246004,60,19,19,27,1,0,0,1,1
10.81715484620357,55,23,28,28,1,0,0,1,1
10.881362445721418,58,26,32,31,1,0,0,1,1
10.618885342030893,48,1,1,16,1,1,1,0,1
10.628617778949124,35,3,3,4,0,0,1,0,1
10.596634733096073,40,3,3,5,0,0,1,0,1
10.606585063949241,41,4,4,5,0,0,1,0,1
10.849337086651827,48,5,7,17,1,1,0,1,1
10.885566024948286,56,8,16,15,0,0,0,1,1
11.327547241326371,56,10,27,25,1,0,0,0,1
11.243476160779506,66,11,11,23,1,1,0,0,1
11.092245191055584,51,14,14,21,0,0,0,0,1
11.297253928494719,55,14,14,28,1,0,0,0,1
10.969869306394989,65,17,25,22,0,0,0,1,1
10.907239560180278,59,19,21,26,0,0,0,1,1
10.59089328246696,57,1,7,29,1,0,0,1,0
10.62667885444445,44,1,9,16,1,1,0,1,0
10.805922738119841,55,2,8,23,0,1,0,1,0
10.65636483730384,46,4,10,20,1,0,0,1,0
10.65036505551704,46,6,17,22,1,0,0,1,0
10.799800041694619,59,7,31,31,1,0,0,1,0
10.653416687195056,44,9,19,20,1,0,0,1,0
11.187250725008353,59,10,10,25,1,0,0,0,0
10.670581978048157,46,10,20,20,0,0,0,1,0
10.962058791667054,50,10,25,26,0,0,0,0,0
10.678399034898712,48,12,21,21,1,0,0,1,0
10.90802722863092,69,14,25,42,1,0,0,0,0
10.814946630748102,58,23,28,33,1,0,0,1,0
10.60905725309463,47,1,1,12,1,0,1,0,1
10.668955394675699,40,1,7,7,0,0,0,1,1
10.576687095286378,43,3,5,14,0,0,1,0,1
10.709963418403076,43,4,4,7,1,0,1,0,1
10.726565902688105,51,5,11,14,0,0,0,1,1
11.294769455167058,57,12,17,25,1,0,0,0,1
10.701039792450864,72,24,27,26,1,1,0,1,1
10.705489138008156,67,25,38,32,1,0,0,1,1
10.545341438708522,34,1,1,1,1,0,1,0,1
10.763398390974078,53,3,10,26,0,0,0,1,1
10.659938116765312,46,4,13,15,0,0,0,1,1
10.794255327179197,53,6,7,25,1,1,0,1,1
10.808899322512744,49,12,18,22,1,0,0,1,1
11.509880834784003,57,15,22,31,1,0,0,0,1
11.139191555023517,47,3,3,7,0,1,0,0,1
11.104280305855433,54,4,4,18,0,0,0,0,1
11.224523133193964,53,5,8,18,0,0,0,0,1
10.642850156893036,41,5,11,15,0,0,0,1,1
11.307879657090718,61,21,21,30,1,0,0,0,1
10.528382658579849,36,0,0,3,1,1,1,0,1
10.530761988945365,36,2,2,3,0,0,1,0,1
10.882753083571671,48,11,11,15,1,0,0,1,1
10.99034772143722,51,11,11,24,1,0,0,1,1
11.241418533401374,56,19,29,29,1,0,0,0,1
10.904854456765403,54,8,27,28,0,0,0,0,0
10.920473936490946,71,9,33,32,0,0,0,0,0
10.532762656501662,36,1,1,1,1,1,1,0,1
10.97164063371953,64,1,19,24,0,0,0,0,1
10.657259354912508,34,2,2,5,1,0,1,0,1
10.967680914333778,63,4,23,27,1,0,0,0,1
10.698378716979358,46,5,11,11,1,0,0,1,1
11.09279331981866,64,6,34,31,0,0,0,0,1
10.766630640199391,48,7,9,13,1,0,0,1,1
11.271796134890542,65,8,28,31,1,0,0,0,1
10.78983440803721,49,9,13,16,1,0,0,1,1
11.32961541978256,67,30,30,42,1,0,0,0,1
10.806267422382335,41,1,7,7,1,0,0,1,1
10.730968928388284,50,2,7,21,0,1,0,1,1
11.080602902692181,57,5,5,24,1,1,0,1,1
11.173809737403598,60,5,21,24,0,0,0,0,1
11.057881381662998,54,10,21,26,1,0,0,0,1
11.247330988982453,60,10,25,27,1,0,0,0,1
10.78408892866831,63,24,27,31,1,0,0,1,1
11.289781913656018,68,26,28,34,1,0,0,0,1
10.941995917134532,32,1,1,4,1,0,1,0,1
10.657494621352836,41,3,3,7,0,0,1,0,1
10.825859754726151,38,3,8,9,1,0,0,1,1
10.609723697637792,37,5,5,6,0,0,1,0,1
11.02141215223661,42,5,13,9,0,0,0,1,1
11.156321947052026,46,7,14,18,1,0,0,0,1
11.3639032785772,53,15,15,27,1,0,0,0,1
10.585245116968599,33,1,1,1,1,0,1,0,1
10.778956289890028,44,1,7,11,0,0,0,1,1
10.585245116968599,39,2,2,2,0,0,1,0,1
10.668420367853441,43,3,9,9,0,0,0,1,1
11.044999675519458,55,4,4,29,0,0,0,0,1
10.822155456696034,44,4,10,12,1,0,0,1,1
10.80220477079312,45,5,11,14,0,0,0,1,1
11.171870744790926,52,6,16,21,1,0,0,0,1
10.875496773166628,56,19,25,24,0,0,0,1,1
10.712527093663306,49,0,5,15,0,1,0,1,0
10.915088464214607,40,2,7,15,1,0,1,0,0
10.705242470817005,43,2,8,9,0,1,0,1,0
10.707930102616903,45,2,8,13,0,0,0,1,1
10.74950602342493,38,3,3,3,1,1,1,0,0
10.6711622600815,41,3,3,15,1,0,1,0,0
10.728101495838379,50,3,23,25,1,0,0,1,0
10.705690911372514,46,5,11,14,1,0,0,1,0
11.269655734022427,60,15,15,27,0,0,0,0,1
10.86189863570049,59,26,31,31,1,0,0,1,1
10.699101064640564,44,1,7,7,0,1,0,1,1
11.07926147950336,48,2,8,16,0,1,0,0,1
10.709896451875155,45,4,11,10,0,0,0,1,1
11.332110772286079,53,6,6,18,0,1,0,0,1
11.118741484979926,55,8,8,25,0,0,0,0,1
11.349323596364334,65,13,13,28,0,0,0,0,1
10.646614665401094,45,0,4,9,1,0,0,1,1
10.751820591227055,40,0,7,6,0,1,0,1,1
10.838639292051202,44,0,14,16,1,0,0,0,1
10.849472999745322,51,0,23,22,0,0,0,0,1
10.571214355749163,30,1,1,1,0,1,1,0,1
10.758115624018176,46,1,7,19,1,0,0,1,1
10.85431496768052,50,1,8,20,1,0,0,0,1
10.830104782127586,44,1,13,13,1,0,0,0,1
10.680838004378147,40,2,8,13,1,1,0,1,1
10.643995304455911,34,3,4,3,0,1,1,0,1
11.006506783022443,50,3,19,19,1,0,0,0,1
10.655186620045688,33,4,4,4,1,0,1,0,1
10.669164675100605,32,4,4,5,1,0,1,0,1
10.67099981505138,44,4,10,10,1,0,0,1,1
10.89844157959325,49,4,17,17,1,0,0,0,1
10.659562582798547,60,4,31,31,1,0,0,1,1
10.597209567846916,39,5,5,6,0,0,1,0,1
11.06663836234181,44,5,7,14,1,0,0,0,1
10.865439749778165,44,5,11,12,0,0,0,1,1
10.67509927304084,54,5,15,9,0,1,1,0,1
10.978541168793958,68,5,24,30,1,0,0,0,1
11.301722836223666,57,5,29,29,0,0,0,0,1
11.278341723513464,48,6,9,19,0,0,0,0,1
10.972499371427947,46,6,18,18,1,0,0,0,1
11.021591962782166,51,6,21,20,1,0,0,0,1
11.311604558166492,57,7,7,21,0,1,0,0,1
10.79583389183349,52,7,10,11,0,0,0,1,1
11.039299282193344,52,7,19,20,1,0,0,0,1
10.993731591533722,49,8,10,22,1,0,0,0,1
11.256276835098621,57,8,26,28,1,0,0,0,1
10.695008397454334,46,9,15,15,0,0,0,1,1
10.74761611027086,47,10,17,17,1,0,0,1,1
11.04096792808962,68,10,36,22,0,0,0,0,1
10.988102331560384,63,10,38,30,1,0,0,0,1
11.479885610892028,54,11,18,21,0,0,0,0,1
10.740107174352467,53,12,19,26,1,0,0,1,1
10.739977214206728,65,13,22,20,0,0,0,1,1
10.724236077689795,63,13,33,30,1,0,0,1,1
11.344601483420126,57,14,14,30,1,0,0,0,1
10.764540378155667,52,16,21,22,1,0,0,1,1
11.122531218757235,66,19,31,32,1,0,0,0,1
11.089683276759382,58,21,26,29,1,0,0,0,1
10.709293551235012,68,24,30,36,1,0,0,1,1
10.734743135213703,58,25,29,29,1,0,0,1,1
11.163538187081768,60,25,33,32,1,0,0,0,1
11.035228316355475,66,26,26,38,1,0,0,0,1
10.896294782307262,71,27,27,34,1,0,0,1,1
10.992823616423841,49,0,0,3,0,1,0,1,1
10.87908439030769,51,0,14,6,0,0,0,1,1
10.91315933190759,58,0,27,24,1,0,0,0,1
10.63344870621879,39,1,1,8,1,0,1,0,1
11.06858958247307,54,1,15,19,0,0,0,0,1
10.596634733096073,43,2,2,2,1,0,1,0,1
10.839580911706463,41,2,4,7,1,1,0,1,1
10.829490963264076,33,3,3,3,1,0,1,0,1
10.63344870621879,32,3,3,4,1,0,1,0,1
10.703244468154331,43,3,3,6,1,0,1,0,1
11.042921835724492,44,3,10,20,0,0,0,0,1
10.985292722887856,47,3,13,20,1,0,0,0,1
11.018629143155449,51,3,17,19,1,0,0,0,1
10.785600832608697,41,4,7,10,0,0,0,1,1
10.596634733096073,37,5,5,5,1,0,1,0,1
10.596634733096073,36,6,6,6,1,0,1,0,1
10.922695818416969,62,6,30,33,1,0,0,0,1
10.87804719253426,48,9,17,15,1,1,0,1,1
11.033517755649198,54,11,11,23,1,0,0,0,1
11.164218690680674,62,11,25,26,1,0,0,0,1
11.596218269966325,57,12,12,29,1,0,0,0,1
10.839580911706463,47,12,19,17,0,0,0,1,1
11.51974217829715,56,14,21,27,1,0,0,0,1
10.748883605633734,55,14,22,20,1,1,0,1,1
11.490066170824146,53,15,15,29,1,0,0,0,1
11.20426487413325,56,15,21,21,0,0,0,1,1
10.803526943824233,62,18,25,29,1,0,0,1,1
10.96240568266004,66,18,31,33,1,0,0,0,1
10.736396675471232,56,19,28,24,1,0,0,1,1
11.152586674478174,60,20,30,27,1,0,0,0,1
11.156250521031495,60,20,31,31,1,0,0,0,1
10.643756840164809,61,23,30,29,1,0,0,1,1
11.127262984158243,66,24,24,41,0,0,0,0,1
10.969955365655448,62,29,29,34,1,0,0,1,1
10.608044394647637,62,29,35,34,1,0,0,1,1
10.931140752263744,65,30,31,36,0,0,0,1,1
10.545341438708522,36,0,0,1,1,0,1,0,1
10.778956289890028,45,0,0,21,1,0,1,0,0
10.915088464214607,48,0,5,24,1,0,0,1,0
10.895479272753965,47,0,17,18,1,0,0,0,1
10.680516217076775,43,1,1,5,1,0,1,0,1
11.452793221915474,48,1,1,23,1,0,0,0,0
10.847393451443256,42,1,7,7,0,0,0,1,1
10.87682002477748,46,2,12,15,1,0,0,0,1
11.350406535472453,46,2,17,22,1,0,0,0,0
10.621156599402811,50,3,3,14,0,0,1,0,1
10.92258754839142,49,3,23,26,0,0,0,0,0
11.089393122899446,49,4,18,22,0,0,0,0,1
11.308137415940331,64,5,5,29,1,1,0,0,1
10.976782033219948,49,6,12,25,0,1,0,1,0
11.107450356812064,51,6,20,27,0,0,0,0,0
10.600576952328698,42,7,13,13,1,0,0,1,1
11.0506995110403,55,9,9,25,1,0,0,0,1
11.160726204486657,62,9,9,37,1,0,0,0,0
11.047630731452227,61,9,10,29,0,0,0,0,0
10.897516801011799,47,10,17,17,1,0,0,1,1
10.90353102447166,51,14,16,28,1,0,0,1,0
10.948030768080395,63,15,35,17,1,0,0,0,1
10.819778284410283,56,16,21,23,1,0,0,1,1
10.839580911706463,49,16,23,23,1,0,0,1,1
10.700251228834878,61,18,23,24,1,0,0,1,0
10.778956289890028,63,20,27,26,1,0,0,1,1
10.680929924591467,60,21,31,24,1,0,0,1,0
10.998844548483564,64,21,34,22,1,0,0,0,1
11.10197534163149,64,23,23,30,1,0,0,0,1
11.024203740111163,65,24,27,36,1,0,0,0,0
10.825581413637233,58,24,32,33,1,0,0,1,0
11.348593127535832,62,24,35,27,0,0,0,1,1
11.027865049090265,70,28,28,40,1,0,0,0,1
11.3755696256062,67,28,40,30,1,0,0,0,1
10.851877546270282,52,0,10,19,1,0,0,0,1
10.653369446076377,32,1,1,3,1,1,1,0,1
10.578598045609922,32,2,2,2,1,0,1,0,1
10.557841928376918,38,4,4,5,1,0,1,0,1
11.234229562348085,52,4,12,20,1,0,0,0,1
10.909436156340819,52,5,23,23,0,0,0,0,1
10.669954895008782,45,6,12,13,1,0,0,1,1
10.952226590708511,49,6,21,23,1,0,0,0,1
10.963947890054659,50,7,12,19,0,0,0,1,1
11.144712788064854,53,8,18,25,0,0,0,0,1
10.951367792797464,56,8,28,29,1,0,0,0,1
11.540161182589472,59,10,10,25,1,0,0,0,1
11.324461079578025,56,11,12,31,1,0,0,0,1
10.67257673667123,46,13,18,19,1,0,0,1,1
11.087665729533885,58,14,24,30,1,0,0,0,1
10.774174039805262,65,14,31,30,1,0,0,1,1
10.829273065972073,70,24,28,37,1,0,0,0,1
10.74791701729286,63,30,34,37,1,0,0,1,1
10.781993340047524,67,30,34,38,1,0,0,1,1
11.156250521031495,30,0,0,1,1,0,1,0,1
11.156250521031495,31,0,0,1,1,1,1,0,1
11.097410021008562,32,0,1,1,0,0,1,0,1
11.49781182716018,51,0,9,22,1,0,0,0,1
11.418614785498987,34,1,1,5,1,1,1,0,1
11.160527077798756,42,1,9,7,1,0,0,1,1
11.191341840842766,45,2,2,2,1,0,1,0,1
11.242428217272549,34,2,2,2,1,0,1,0,1
11.242428217272549,35,2,2,2,1,0,1,0,1
11.121363262031055,37,2,2,5,1,0,1,0,1
11.436044420634271,50,2,2,7,1,1,0,1,1
11.299113241084903,40,2,2,9,1,1,0,1,1
11.280362691739526,40,2,2,9,0,0,0,1,1
11.522875795823397,34,2,2,9,1,0,0,1,1
11.343322680584048,40,2,2,11,1,0,0,1,1
11.335591449687312,41,2,2,14,0,0,0,1,1
11.52781407746398,49,2,2,23,1,0,0,0,1
11.157678073022682,36,2,3,2,1,0,1,0,1
11.467404949668419,37,2,3,9,0,0,0,1,1
11.170435156023453,41,2,9,8,1,0,0,1,1
11.16336798880036,36,3,3,2,1,1,1,0,1
11.409784706050715,33,3,3,6,1,0,1,0,1
11.20546236498899,36,3,8,8,1,1,0,1,1
11.396391648714276,48,3,9,12,1,0,0,1,1
11.487607656985938,46,3,15,19,0,0,0,0,1
11.156250521031495,32,4,4,4,1,0,1,0,1
11.79810440720389,43,4,8,19,0,0,0,0,1
11.20026740644827,43,4,9,13,1,0,0,1,1
11.48246625748552,44,4,14,14,1,0,0,0,1
11.376819331973238,49,4,15,22,1,0,0,0,1
11.482723956237107,53,4,31,26,1,0,0,0,1
11.613675368070371,42,5,5,11,1,0,0,1,1
11.536153591089436,48,5,11,17,1,1,0,0,1
11.56171562913966,50,5,14,13,1,0,0,0,1
11.115428526511241,38,7,7,7,0,0,1,0,1
11.004164375253117,38,7,7,7,0,0,1,0,1
11.413105129688017,48,7,21,21,1,0,0,0,1
11.986672080494799,51,8,8,22,1,1,0,0,1
11.436044420634271,59,8,8,26,1,0,0,0,1
11.082142548877775,49,8,14,15,0,0,0,1,1
11.365005334893606,49,9,15,18,1,0,0,1,1
11.486581489630627,47,9,19,19,1,0,0,0,1
11.55214617812351,47,9,19,20,1,0,0,0,1
11.27720313144916,53,10,10,19,1,0,0,1,1
11.652687407345388,50,10,10,22,1,0,0,0,1
11.448386943832658,66,14,14,36,1,0,0,0,1
11.603679828238693,54,15,19,25,1,0,0,0,1
11.211820372186306,56,15,20,20,1,0,0,1,1
11.789040901050544,47,15,21,21,1,0,0,0,1
11.79734472021855,55,17,17,24,1,0,0,0,1
11.515920973950028,56,17,20,25,0,0,0,0,1
11.378250561643627,58,18,21,30,1,0,0,0,1
11.745226954069203,58,21,27,27,1,0,0,0,1
11.315912516233272,63,21,28,30,1,0,0,0,1
11.692743891546064,72,22,23,32,1,0,0,0,1
11.477298287327077,58,22,29,28,1,0,0,0,1
11.04691385699403,58,24,28,28,1,0,0,1,1
11.425470353181236,65,24,28,33,1,0,0,0,1
11.76756768334381,59,24,30,33,1,0,0,0,1
10.668955394675699,62,25,29,28,1,0,0,1,1
11.2872787834379,67,25,30,33,1,0,0,0,1
10.59003802256676,61,26,26,32,1,0,0,1,1
11.53617313168992,66,26,31,31,1,0,0,0,1
11.627842174413471,67,27,33,33,1,0,0,0,1
11.608235644774552,59,1,1,26,1,1,0,0,1
11.058369897608577,41,3,9,14,0,1,0,1,1
10.821955911658057,51,5,5,9,0,1,1,0,1
11.156850341103464,49,9,18,16,0,1,0,1,1
10.714417768752456,43,0,0,12,1,0,1,0,1
10.596634733096073,39,1,1,10,1,0,1,0,1
10.604850887867414,53,2,2,19,0,0,1,0,1
11.202806899641612,47,2,7,16,0,1,0,0,1
11.34302642817483,55,4,10,21,1,1,0,0,1
11.315425293635995,55,7,16,24,1,0,0,0,1
10.911427224594425,73,24,35,33,1,1,0,0,1
11.127410032169685,43,4,8,12,0,0,0,1,1
11.357043286964823,46,6,14,19,1,0,0,0,1
11.145261794088814,43,6,15,15,1,0,0,0,1
11.142151596651994,54,7,7,14,0,0,0,1,1
11.576857552263961,58,16,16,28,1,0,0,0,1
11.07106604566896,39,0,7,7,1,0,0,1,1
10.642539786953455,37,3,4,3,0,0,1,0,1
11.082142548877775,58,3,28,28,1,0,0,0,1
10.67257673667123,35,4,4,4,1,1,1,0,1
10.691944912900398,47,4,4,4,0,0,1,0,1
11.259979706793972,53,4,11,26,1,0,0,0,1
11.497456434066297,52,8,8,26,1,0,0,0,1
10.82227516460887,50,10,17,16,1,0,0,1,1
10.951490523377696,56,17,17,22,1,1,0,1,1
10.862128710284015,57,22,27,27,1,0,0,1,1
10.915088464214607,59,26,28,31,1,0,0,1,1
10.7141732944266,65,26,30,31,1,0,0,1,1
10.714417768752456,36,0,0,4,1,0,1,0,1
11.028936495157797,45,1,17,17,0,0,0,0,1
10.831963739274084,49,11,18,17,0,0,0,1,1
11.179980998444357,62,12,20,32,0,0,0,0,1
11.238567563520709,61,20,20,33,1,0,0,0,1
11.0292447290611,41,2,2,9,0,0,1,0,1
11.494873504362479,48,8,9,20,1,0,0,0,1
10.930424804497347,32,1,1,3,0,0,1,0,1
11.16336798880036,33,1,1,7,1,0,0,1,1
11.484978562919277,40,1,4,13,1,0,0,0,1
10.91962361938,30,2,2,2,1,0,1,0,1
10.91962361938,34,2,2,3,1,1,1,0,1
10.925560711051151,35,3,4,4,0,0,1,0,1
11.400294136453448,37,3,10,10,1,0,0,1,1
10.849841813624668,35,4,5,4,1,1,1,0,1
11.435342230311848,38,5,5,13,1,0,0,0,1
11.471874277520614,50,5,17,17,1,0,0,0,1
11.556320147289417,49,5,17,24,0,0,0,0,1
11.582843241933544,50,6,18,20,1,0,0,0,1
11.608281098286982,47,7,7,21,1,0,0,0,1
11.721052835654218,42,7,10,16,1,0,0,0,1
10.908942342717989,44,8,8,8,0,0,1,0,1
11.020905239406584,45,8,14,16,1,0,0,1,1
11.431031878810726,45,8,19,19,1,1,0,0,1
11.46241081472905,47,9,20,20,1,0,0,0,1
11.424061463840864,56,12,12,24,1,0,0,0,1
10.879574327756249,45,12,15,21,1,0,0,1,1
11.3844555272587,54,16,23,27,1,0,0,0,1
11.32408671734801,66,18,19,42,1,0,0,0,1
11.3327336386894,59,18,29,31,1,0,0,0,1
11.345074699404728,61,21,34,33,1,0,0,0,1
11.492110325256307,60,23,23,29,1,0,0,0,1
11.391424275539181,64,29,31,35,1,0,0,0,1
10.916160616526582,65,32,32,36,1,0,0,1,1
11.444057585671429,46,0,0,11,1,0,0,1,1
10.788720959944941,34,0,6,7,1,0,0,1,1
11.112447898373103,46,0,7,17,1,0,0,0,1
10.759943350708097,41,0,8,6,0,0,0,1,1
10.770588040219511,34,1,3,2,0,0,1,0,1
11.267024926533402,40,1,8,11,1,0,0,0,1
10.866738203273561,47,2,2,12,1,1,0,1,1
11.307400785744472,57,2,2,28,1,0,0,0,1
11.111387634999954,41,2,4,9,1,0,0,1,1
10.938112279371822,60,2,31,28,1,0,0,0,1
10.869824801894419,43,3,9,10,1,0,0,1,1
10.739110381342828,35,4,4,4,1,1,1,0,1
10.794973165491312,38,4,4,5,1,0,1,0,1
11.348793470476476,49,5,5,19,1,1,0,1,1
11.156393367971244,48,6,6,20,0,1,0,1,1
11.1442213165314,50,6,18,18,1,0,0,0,1
10.998944869510936,54,7,16,25,1,0,0,1,1
11.000014334713216,47,9,14,14,1,0,0,1,1
10.775136503787163,48,9,14,16,1,0,0,1,1
11.615509128741051,61,10,10,34,1,0,0,0,1
11.239803543849778,55,10,22,28,1,0,0,0,1
11.285171301098336,57,10,22,28,1,0,0,0,1
11.240841113141503,51,11,22,24,1,0,0,0,1
11.493334815205225,48,12,12,22,0,0,0,0,1
11.128556265156798,58,13,28,27,1,0,0,0,1
11.211941986412619,59,13,28,31,1,0,0,0,1
11.509318969376118,56,14,21,26,1,0,0,0,1
11.511083770090858,61,15,15,32,1,0,0,0,1
11.485348697199994,63,15,29,34,1,0,0,0,1
11.160014855596954,59,20,22,30,1,0,0,0,1
11.129231633331518,61,27,34,32,1,0,0,1,1
10.777121273944298,32,0,6,6,0,0,0,1,1
10.811766273800105,48,0,7,8,1,0,0,1,1
10.803648902480399,30,1,1,1,0,0,1,0,1
11.106835161468146,48,1,1,7,1,0,0,1,1
11.02679245379461,46,1,1,11,0,0,0,1,1
11.599699313752266,54,2,2,27,1,0,0,0,1
10.788762220879093,45,2,8,12,0,0,0,1,1
10.685515195589948,37,3,3,4,0,0,1,0,1
11.002199836204571,40,3,3,12,0,0,0,1,1
10.659985048596836,36,4,4,5,0,0,1,0,1
10.832398315766385,46,4,10,11,1,0,0,1,1
10.969283906929235,39,5,11,11,1,0,0,1,1
10.95593373119133,41,6,13,13,0,0,0,1,1
11.250040064735078,50,6,16,22,0,1,0,0,1
10.863948268154758,44,7,13,17,1,0,0,1,1
10.712393499078143,49,8,14,17,1,0,0,1,1
11.221984755590194,51,8,22,24,1,0,0,0,1
11.442621019460265,52,9,16,22,1,0,0,0,1
11.635249286746486,58,10,10,29,1,0,0,0,1
11.265604480837757,49,12,23,23,0,0,0,0,1
11.598837070766487,59,15,15,30,1,0,0,0,1
11.391356521801407,57,16,30,30,1,0,0,0,1
11.408175873771158,53,17,21,27,0,0,0,0,1
11.27674733138556,56,17,27,27,1,0,0,0,1
10.869919915888612,54,19,25,29,1,0,0,0,1
11.316253430861812,57,20,20,30,1,0,0,0,1
10.735592003983863,51,20,22,24,1,0,0,1,1
10.817756241458644,57,21,26,27,1,0,0,1,1
11.461853198785724,61,24,30,34,0,0,0,0,1
11.002449779968526,62,25,25,35,1,0,0,1,1
10.63674447402395,60,25,30,30,1,0,0,1,1
11.497365026852172,70,25,33,33,1,0,0,0,1
11.090370147631774,66,26,26,39,1,0,0,0,1
10.917739492586165,69,27,29,37,1,0,0,0,1
11.002433118994357,64,28,30,38,1,0,0,0,1
10.913359698031813,40,1,3,10,0,1,0,1,1
11.218554404367652,46,3,4,19,0,0,0,0,1
10.70191774575062,41,4,4,8,1,0,1,0,1
10.794850144085432,41,4,10,10,1,0,0,1,1
10.788039908623071,42,4,10,12,0,0,0,1,1
11.198680365125727,53,5,23,24,0,0,0,0,1
11.09049220863191,63,5,25,28,1,0,0,0,1
10.644924772223822,39,6,6,7,0,1,1,0,1
11.257826742414467,57,8,22,24,1,0,0,0,1
11.085000000931881,57,8,26,31,0,0,0,0,1
11.412187581797845,53,11,11,22,1,0,0,0,1
10.969128890867538,52,16,19,23,1,0,0,1,1
11.338964857820145,62,17,17,32,1,0,0,0,1
10.917920812961631,62,18,24,26,1,1,0,1,1
11.507912923146684,65,19,19,34,1,0,0,0,1
10.886576749948699,57,19,26,24,0,0,0,1,1
10.795977274224331,58,19,30,29,1,0,0,1,1
11.617087262452415,61,21,21,28,0,0,0,0,1
11.488151099038143,56,22,22,30,1,0,0,0,1
11.468973577441046,57,23,23,29,1,0,0,0,1
11.194289217196543,66,23,23,37,1,0,0,0,1
10.962561744356746,62,24,30,28,1,0,0,1,1
10.877443236604682,62,26,30,29,1,0,0,1,1
11.112447898373103,53,0,0,23,1,0,0,1,1
10.79115244682184,45,0,6,12,0,0,0,1,1
10.764751714223067,41,1,3,1,1,0,1,0,1
10.7145733122105,45,1,9,8,0,0,0,1,1
11.295167385932357,48,2,14,16,1,0,0,0,1
10.926711562628427,53,5,11,11,0,0,0,1,1
11.362102575235644,67,12,31,24,0,0,0,0,1
11.320553572322773,71,14,14,44,1,0,0,0,1
10.934409692234288,57,15,22,26,0,0,0,1,1
11.123786359460837,57,21,27,27,1,0,0,0,1
11.046658844401401,65,23,30,30,1,0,0,0,1
10.645424897265505,32,0,0,0,0,0,1,0,1
10.959922762305052,40,4,7,13,1,0,0,1,1
11.354082125150102,42,4,15,15,1,0,0,0,1
11.213562097744587,54,5,25,25,0,0,0,0,1
10.978507040265917,43,7,7,15,0,0,0,1,1
10.884029264211806,40,7,13,15,0,0,0,1,1
11.269987286327838,62,17,17,34,1,1,0,0,1
11.09692505494668,53,20,24,24,1,0,0,1,1
10.699394369397588,65,27,29,34,1,0,0,1,1
11.449889813957403,38,0,0,11,1,0,0,0,1
11.246104283185776,41,1,10,12,1,0,0,0,1
11.085720754840969,45,1,15,17,1,1,0,0,1
11.341068958024039,42,4,12,15,1,0,0,0,1
11.188150547181156,57,5,25,30,1,0,0,0,1
11.629961555065554,60,8,33,36,1,0,0,0,1
11.40834242477779,60,22,29,32,1,0,0,0,1
11.277253763078749,62,23,23,36,1,0,0,0,1
10.976474293565264,43,0,12,14,1,0,0,0,1
10.997974677738338,46,1,1,12,1,1,0,1,1
11.006174860357376,48,1,20,20,1,0,0,0,1
10.9725680385982,61,2,22,21,0,0,0,0,1
11.097167567376632,44,3,15,17,1,0,0,0,1
11.219761728949209,52,7,24,25,1,0,0,0,1
11.179073791671597,58,15,29,31,1,0,0,0,1
11.139540250325476,65,18,28,31,1,1,0,0,1
11.446165812278585,68,20,20,36,1,0,0,0,1
10.916106128037262,35,0,5,7,1,0,0,1,1
10.776891660007811,33,1,1,4,0,0,1,0,1
11.09612131219207,41,1,1,11,1,0,0,1,1
11.099589462481495,44,1,8,14,1,0,0,0,1
10.79552657460799,32,2,2,3,1,0,1,0,1
10.778247705570111,35,2,2,8,1,0,1,0,1
10.724961982628129,38,3,3,9,1,1,1,0,1
11.008512568976428,43,4,9,13,1,0,0,1,1
11.458606545359917,51,10,20,24,1,0,0,0,1
11.037402632906625,58,10,30,30,1,0,0,0,1
11.514344457723642,57,15,31,31,1,0,0,0,1
11.444057585671429,60,20,20,29,1,0,0,0,1
10.799003985193806,62,21,26,34,1,0,0,0,1
11.636831936290152,62,21,34,36,1,0,0,0,1
10.995914082117151,65,22,32,40,1,0,0,0,1
11.549546648425874,68,28,30,40,1,0,0,0,1
11.018629143155449,30,0,0,8,0,0,1,0,1
11.407564949312402,41,0,5,11,1,0,0,0,1
11.112447898373103,33,0,7,7,1,1,0,1,1
11.136047813713976,53,0,15,16,1,0,0,0,1
11.230562553996048,42,1,6,6,1,0,0,1,1
11.26446410567173,44,1,12,15,1,0,0,0,1
11.134589024250317,48,1,15,4,1,0,0,0,1
11.03488966402723,33,2,2,4,1,1,1,0,1
11.238488619268468,34,2,8,8,1,1,0,1,1
11.05089000537367,34,3,3,2,1,0,1,0,1
11.05089000537367,32,3,3,3,1,0,1,0,1
11.245046019814627,37,3,9,9,1,0,0,1,1
11.114535270534025,43,3,10,11,1,0,0,1,1
11.314474526246391,46,3,18,18,1,0,0,0,1
11.097410021008562,36,4,4,4,1,0,1,0,1
11.170435156023453,40,4,10,10,0,1,0,1,1
11.390757830996021,48,4,22,16,1,0,0,0,1
11.112447898373103,36,5,7,7,0,0,1,0,1
11.149082031552883,40,5,11,11,1,0,0,1,1
11.264374358054788,41,5,11,11,1,0,0,1,1
11.197872195722315,41,5,12,11,1,0,0,1,1
11.097410021008562,34,6,6,6,1,0,1,0,1
11.141861783579396,38,6,12,12,1,0,0,1,1
11.423820989887407,52,6,17,20,1,0,0,0,1
11.550818373904603,45,7,9,16,1,0,0,0,1
11.338393490451104,52,7,27,26,1,0,0,0,1
11.134589024250317,42,8,13,14,1,0,0,1,1
11.170435156023453,43,8,15,15,1,1,0,1,1
11.34421091158249,50,8,21,24,1,0,0,0,1
11.529408864228582,69,9,9,40,1,0,0,0,1
10.955375042698002,43,9,12,16,1,0,0,1,1
11.407564949312402,46,9,19,21,0,0,0,0,1
11.61866290958141,49,10,16,21,1,0,0,0,1
11.538719909345344,50,11,22,22,1,0,0,0,1
11.634594274552233,54,15,26,27,1,0,0,0,1
11.7630847819224,58,15,27,27,1,0,0,0,1
11.562591435985048,57,21,23,29,1,0,0,0,1
11.73336135387284,70,26,30,38,1,0,0,0,1
10.968198289528557,31,0,2,6,1,0,0,1,1
10.833681189579275,34,0,6,8,1,0,0,1,1
11.26446410567173,38,1,8,10,1,1,0,0,1
10.757902880692196,35,3,3,5,1,1,1,0,1
11.016873504562854,38,3,3,11,1,0,0,1,1
11.198214720130528,41,3,7,15,1,0,0,0,1
10.905955980651335,39,3,8,10,1,0,0,1,1
10.933106969717286,36,3,9,9,1,0,0,1,1
11.289781913656018,45,3,10,14,1,0,0,0,1
11.225243392518447,41,3,12,16,1,0,0,0,1
11.225243392518447,39,4,8,11,1,0,0,0,1
10.905955980651335,39,4,8,11,1,1,0,1,1
11.170435156023453,47,4,12,14,1,0,0,0,1
10.778956289890028,39,5,5,8,0,0,1,0,1
11.012050172057405,48,5,10,10,1,1,0,1,1
11.23276172555657,48,5,11,20,1,0,0,0,1
11.327559277990048,54,6,29,28,1,1,0,0,1
10.930568035062993,59,6,31,31,1,0,0,0,1
11.16434623356714,42,7,15,17,1,0,0,0,1
11.149082031552883,54,7,22,24,1,0,0,0,1
10.924750724776633,59,7,31,33,1,0,0,0,1
10.959540226785442,42,8,8,15,1,0,0,1,1
11.493100237418664,52,8,8,24,1,0,0,0,1
11.301216291281682,52,8,9,27,1,0,0,0,1
11.287404088870055,61,8,10,30,1,0,0,0,1
11.156250521031495,45,8,21,21,1,0,0,0,1
11.259116499345133,49,10,20,23,0,0,0,0,1
11.16761427968181,49,10,21,23,1,0,0,0,1
11.543454670005051,60,11,11,27,1,0,0,0,1
11.16336798880036,50,11,18,22,1,0,0,0,1
11.203338557130397,46,11,20,23,1,0,0,0,1
11.48610909881087,47,11,21,22,1,0,0,0,1
10.96308177418351,54,11,28,28,1,0,0,0,1
11.33857207782545,46,12,16,21,1,0,0,0,1
11.37366339763672,49,12,16,22,1,0,0,0,1
11.05089000537367,54,13,25,30,1,0,0,0,1
11.580584113444043,51,14,14,23,1,0,0,0,1
11.002099841204238,58,14,26,32,1,0,0,0,1
11.144756141605761,57,14,28,29,1,0,0,0,1
10.909618988410072,58,16,31,31,1,0,0,0,1
11.175128351086599,58,17,27,30,1,0,0,0,1
11.407564949312402,56,18,28,29,1,0,0,0,1
11.119882876860622,56,19,22,31,1,0,0,0,1
11.335758599896042,59,19,28,31,0,1,0,0,1
11.082142548877775,57,20,31,31,1,0,0,0,1
10.829728615263452,57,21,24,27,1,0,0,1,1
10.959540226785442,55,21,26,28,1,0,0,1,1
11.11737603364944,59,22,30,32,1,0,0,0,1
11.48246625748552,61,22,32,32,1,0,0,0,1
11.145925977312283,61,24,31,32,1,0,0,0,1
11.468628690388135,58,24,32,33,1,0,0,0,1
11.06663836234181,61,24,32,34,1,0,0,0,1
10.74776657509999,60,24,33,33,1,0,0,1,1
11.657752817336602,58,25,25,32,1,0,0,0,1
11.211820372186306,60,26,28,33,1,0,0,0,1
10.87682002477748,59,26,30,30,1,0,0,1,1
10.815649773826504,61,26,31,33,1,0,0,1,1
11.314474526246391,58,27,29,33,1,0,0,0,1
10.810313635594497,57,27,32,31,1,0,0,1,1
10.781037456093852,66,28,33,35,1,0,0,1,1
10.654903641220049,66,29,29,34,1,0,0,1,1
11.184421397998193,72,29,32,38,1,1,0,0,1
11.020496251482387,66,29,36,37,1,0,0,0,1
11.264951166525512,70,30,35,39,1,0,0,0,1
10.88504154286231,71,30,39,41,1,0,0,0,1
11.205040685200927,66,31,33,39,1,0,0,0,1
11.231887935237117,67,31,35,40,1,0,0,0,1
10.912557992542743,31,0,0,5,1,0,1,0,1
10.619887284906223,34,0,2,3,1,0,1,0,1
10.31877096958163,32,0,3,3,1,0,1,0,1
10.977550968282825,38,0,4,9,0,0,0,1,1
10.977550968282825,39,0,7,9,1,0,0,1,1
11.038592477563263,39,0,13,12,1,0,0,0,1
10.798963144696364,65,0,34,38,1,0,0,0,1
10.934694993853526,35,1,1,10,1,1,1,0,1
10.991443261015709,37,1,7,9,1,0,0,1,1
10.912557992542743,33,2,2,6,1,0,1,0,1
10.912557992542743,37,2,2,7,1,0,1,0,1
10.991443261015709,44,2,8,11,1,0,0,1,1
11.114579952288238,44,2,9,14,1,0,0,0,1
11.051667480839056,47,2,19,19,1,0,0,0,1
11.011934653834277,41,3,9,12,1,0,0,1,1
10.912557992542743,35,4,4,7,0,0,1,0,1
10.934694993853526,37,4,4,10,1,0,1,0,1
11.25115802236913,45,4,8,17,1,0,0,0,1
10.991443261015709,43,4,9,14,1,0,0,1,1
11.40834242477779,50,4,16,19,1,0,0,0,1
10.948259446058824,62,4,35,36,1,1,0,0,1
11.005145199390197,43,5,10,16,1,0,0,1,1
11.005145199390197,50,6,20,20,1,0,0,1,1
11.598212856750973,48,7,7,20,1,1,0,0,1
11.272216032975996,50,7,20,22,1,0,0,0,1
11.25115802236913,55,7,20,26,1,0,0,0,1
11.218715465222159,47,7,23,19,1,0,0,0,1
10.998326062784663,43,8,13,16,1,0,0,1,1
11.444057585671429,47,8,13,20,1,1,0,0,1
11.150519846322512,54,8,19,23,1,1,0,0,1
11.2296470156553,55,8,21,25,1,0,0,0,1
11.801609535254471,59,9,9,30,1,0,0,0,1
11.322986972837104,50,9,17,25,1,1,0,0,1
11.240460358323308,44,10,16,16,1,0,0,0,1
11.08988175458777,51,10,23,24,1,0,0,0,1
11.08988175458777,59,11,23,29,1,1,0,0,1
11.126704004428769,53,14,19,27,1,0,0,1,1
11.25115802236913,56,14,25,31,1,0,0,0,1
11.2296470156553,58,14,30,29,1,0,0,0,1
11.380696081506649,53,15,15,28,1,1,0,0,1
11.36182346652099,56,18,29,29,1,0,0,0,1
12.013700752882718,60,19,20,32,1,0,0,0,1
11.025490793994813,66,19,42,36,1,0,0,0,1
11.126704004428769,63,20,33,34,1,0,0,0,1
11.114579952288238,63,21,30,35,1,0,0,0,1
11.37130429530265,59,22,33,33,1,0,0,0,1
11.598212856750973,60,23,23,29,1,1,0,0,1
11.609126157241512,67,23,23,33,1,0,0,0,1
11.435244965085712,62,23,32,34,1,0,0,0,1
11.128144948054898,61,23,32,35,1,1,0,0,1
11.218715465222159,67,24,31,41,1,0,0,0,1
11.282568459137718,64,24,35,41,1,1,0,0,1
11.380696081506649,61,24,40,37,1,0,0,0,1
11.038592477563263,70,25,34,35,1,0,0,0,1
11.185198873463579,64,27,27,38,1,0,0,0,1
11.436098414856902,65,29,36,37,1,0,0,0,1
11.302981909119962,66,30,32,41,1,0,0,0,1
11.272216032975996,66,30,36,40,1,0,0,0,1
11.302981909119962,65,31,35,40,1,0,0,0,1
11.33282942986471,67,33,40,40,1,0,0,0,1
11.012561592414833,49,1,20,22,0,0,0,0,1
11.191341840842766,45,2,2,18,1,0,0,0,1
11.014522361202795,44,3,3,8,1,1,0,1,1
10.824964811097583,47,3,9,10,0,0,0,1,1
10.740756721857226,39,4,4,8,0,0,1,0,1
11.048235692148234,52,4,10,24,0,0,0,1,1
10.925110799676101,52,6,11,24,0,0,0,1,1
11.33507788499972,58,7,7,30,0,0,0,0,1
10.830718224448617,50,10,16,18,1,0,0,1,1
11.366742954792146,66,10,19,23,1,0,0,0,1
10.873754975267016,51,14,19,22,0,0,0,1,1
11.314072006221684,64,15,15,33,1,0,0,0,1
10.829312687193204,64,30,32,32,1,0,0,1,1
10.821157333085402,68,30,35,37,1,0,0,1,1
10.762975101585972,35,2,2,6,1,0,1,0,1
10.870300281424473,41,3,10,10,1,0,0,1,1
11.038190661348592,55,9,26,25,1,0,0,0,1
11.22194462422686,56,24,28,28,1,0,0,1,1
11.191300460676274,62,26,35,33,1,0,0,0,1
10.82746863769429,63,27,31,33,1,0,0,1,1
10.645424897265505,32,0,0,0,0,0,1,0,1
11.003482218613488,45,1,7,14,0,0,0,0,1
11.038383553281484,47,2,16,16,1,0,0,0,1
11.090309111544167,44,3,15,16,0,0,0,0,1
11.078783065975195,45,3,17,17,0,0,0,0,1
10.875515689094785,50,5,11,11,0,0,0,1,1
10.876158617846391,44,5,12,12,0,0,0,1,1
11.152428942378648,47,5,15,19,1,0,0,0,1
10.898201219421622,45,7,13,13,0,0,0,1,1
10.876668884613583,46,7,13,13,1,0,0,1,1
11.020921595444825,43,8,18,18,1,0,0,0,1
10.99594762171904,46,13,18,18,0,0,0,1,1
10.643470607933105,55,1,1,7,0,0,1,0,1
11.005809618131316,41,1,7,12,1,0,0,0,1
10.651856550721268,39,2,2,2,1,0,1,0,1
10.702682512534036,35,2,2,4,0,1,1,0,1
10.681067789070903,56,2,2,8,0,0,1,0,1
10.72601690459581,37,2,4,4,1,1,1,0,1
10.82137700577398,39,2,9,8,1,0,0,1,1
11.033873018385874,58,2,29,27,1,0,0,0,1
10.7571153366182,49,3,3,10,0,1,1,0,1
10.981846112176969,49,3,17,17,0,0,0,0,1
10.701084834452537,40,4,4,5,1,0,1,0,1
11.01086134687281,50,4,4,14,0,0,0,1,1
10.671394278644025,45,5,5,5,1,0,1,0,1
10.779039619751332,55,5,11,23,0,0,0,1,1
10.726960994771648,47,6,6,7,0,1,1,0,1
10.972138791405325,55,8,19,19,0,0,0,0,1
10.815227947311465,52,9,15,15,1,0,0,1,1
10.885303818290481,53,9,22,25,1,0,0,1,1
11.016019182793048,49,10,15,21,0,0,0,1,1
11.061939841560255,57,11,25,25,1,0,0,0,1
11.156793230880718,57,12,12,27,1,0,0,0,1
11.120800973799138,64,13,27,27,1,0,0,0,1
10.799636799708416,51,16,21,21,1,0,0,1,1
10.86218622065986,60,21,26,26,1,0,0,1,1
10.710476679519195,71,26,26,30,0,0,0,1,1
11.355300423198056,50,2,2,16,0,0,0,0,1
11.446828396595302,51,2,2,26,1,0,0,0,1
10.829332497215095,44,2,7,10,0,0,0,1,1
10.86564990806634,40,3,3,12,0,0,0,1,1
11.00409784386691,51,3,3,21,0,1,0,1,1
10.637440727488327,34,4,4,4,0,0,1,0,1
10.853483816875455,38,4,9,12,1,0,0,1,1
10.877122236592484,46,4,9,15,1,0,0,1,1
11.394794868921728,50,8,15,22,1,0,0,0,1
10.92514680003611,44,9,9,17,0,0,0,1,1
11.44345748063504,53,12,12,27,1,0,0,0,1
11.193174642992942,55,13,13,29,1,0,0,0,1
10.916015307290108,53,14,20,25,0,0,0,1,1
11.379268350157288,60,16,16,32,0,0,0,0,1
11.113477219186896,62,16,26,26,0,0,0,0,1
10.801838321277618,54,19,24,24,1,0,0,1,1
11.091209016276014,64,19,28,31,1,0,0,0,1
11.28562327850716,58,20,28,28,1,0,0,0,1
10.904744237612876,61,22,27,27,1,0,0,1,1
10.931623727399913,58,25,29,29,1,0,0,1,1
10.932142218780436,66,27,31,30,1,0,0,1,1
10.96699066409067,52,0,15,15,0,0,0,0,1
10.6711622600815,44,1,1,1,1,0,1,0,1
10.73223585734761,30,2,2,2,0,0,1,0,1
11.200855066961413,51,3,3,14,0,0,0,0,1
10.680470239008306,38,3,12,3,0,1,1,0,1
10.697972167001991,48,4,4,4,0,1,1,0,1
10.70602710986727,48,4,4,4,0,0,1,0,1
11.121511180084724,56,5,20,26,1,0,0,0,1
11.080602902692181,61,8,22,28,0,0,0,0,1
11.399991901592273,61,9,9,30,1,0,0,0,1
11.034970305936874,65,10,17,18,1,0,0,1,1
11.291655158037699,61,14,26,27,0,0,0,0,1
10.950911804434805,57,19,25,24,1,0,0,1,1
10.966144457721258,61,21,25,24,1,0,0,1,1
11.0307520837774,58,23,28,28,1,0,0,1,1
10.907953983314009,64,26,30,30,1,0,0,1,1
10.867730001943455,59,28,28,31,1,0,0,1,1
11.229089320779604,51,1,17,21,1,0,0,0,1
10.960756877669855,41,3,12,8,1,1,0,1,1
11.332793509249266,44,4,14,13,1,1,0,0,1
11.182224542232218,38,6,11,10,1,0,0,1,1
11.54010279297502,58,8,17,33,1,0,0,0,1
11.41577559397131,59,10,10,29,1,0,0,0,1
11.439321980925595,53,14,19,28,0,0,0,0,1
11.289706910843378,58,19,29,28,1,0,0,0,1
11.206821411691152,63,26,34,37,1,0,0,0,1
10.906836326977725,45,0,20,6,1,0,0,1,1
10.833977003810096,34,2,2,5,1,0,1,0,1
10.900436187427738,43,3,3,10,1,0,0,1,1
10.986190624738057,47,6,21,22,1,0,0,0,0
11.27238139897585,57,7,7,27,1,0,0,0,1
11.248035012374677,39,4,15,15,1,0,0,0,1
10.859268192096696,36,5,7,9,1,0,1,0,1
11.662878776731453,49,6,6,22,1,0,0,0,1
11.410837366886444,47,7,16,17,1,0,0,0,1
11.75634996054137,50,15,24,24,1,0,0,0,1
11.573390073985298,53,17,21,27,1,0,0,0,1
11.33459991350162,57,22,27,27,1,0,0,1,1
11.644111609649412,67,27,32,37,1,0,0,0,1
11.022408876202102,33,3,3,5,1,1,1,0,1
11.099196303443602,36,3,9,9,1,0,0,1,1
10.988372720584238,35,4,4,4,1,0,1,0,1
11.07933862154504,36,4,4,7,1,0,1,0,1
11.140861283245814,37,4,4,8,1,0,1,0,1
11.56299100597695,55,4,4,25,1,0,0,0,1
11.198789897150261,39,4,11,13,1,0,0,1,1
11.043577620650547,42,5,11,10,1,1,0,1,1
11.06217529264638,39,5,11,11,1,0,0,1,1
11.274871300920264,44,7,7,16,1,0,0,1,1
11.594855621061042,55,11,16,20,1,1,0,0,1
10.986275290857266,54,13,19,21,1,0,0,1,1
11.305064537187176,60,24,27,31,1,0,0,0,1
10.752997250719933,67,25,33,33,1,0,0,0,1
10.839580911706463,29,0,0,0,1,0,1,0,1
11.10399435721889,44,0,9,12,1,1,0,0,1
10.862301231490173,40,1,1,2,0,0,1,0,1
10.862301231490173,32,1,1,2,1,0,1,0,1
10.86283777387073,35,1,1,3,1,0,1,0,1
11.102925088060303,44,1,7,11,1,0,0,1,1
10.993815621616541,36,3,8,8,1,0,0,1,1
11.019022508400145,51,3,15,15,1,1,0,0,1
10.902169002579189,35,4,4,5,0,0,1,0,1
10.93743686787837,39,4,10,12,1,0,0,1,1
11.101447314704936,40,4,14,14,1,0,0,0,1
11.146416611972477,48,4,20,19,1,0,0,0,1
11.105438313910426,63,6,22,29,1,0,0,0,1
11.069680605025184,50,7,23,22,1,0,0,0,1
11.210779289907626,51,9,14,21,1,1,0,0,1
10.890572199710363,42,9,15,15,1,1,0,1,1
11.100903910262819,54,10,21,25,1,0,0,0,1
11.019497618380658,46,13,18,18,1,0,0,1,1
11.251937253307663,59,15,25,25,1,0,0,0,1
11.290044379208922,57,18,26,26,1,0,0,0,1
11.404214899712727,61,18,27,27,1,0,0,0,1
10.885097750530926,65,18,30,29,1,0,0,0,1
11.525723223200089,57,19,27,28,1,0,0,0,1
10.874304347764848,58,22,31,32,1,0,0,0,1
10.994789854904871,61,23,27,32,1,0,0,0,1
11.32301115604912,65,25,27,28,1,0,0,0,1
11.383135635389227,65,28,30,32,1,0,0,0,1
10.924138299734526,32,0,0,0,1,0,1,0,1
10.915088464214607,29,0,0,0,1,0,1,0,1
11.08988175458777,29,0,0,3,1,1,1,0,1
11.1460414424203,32,0,2,5,1,0,0,1,1
11.109832541007119,40,0,9,9,1,0,0,1,1
11.185282138565835,39,0,15,12,1,0,0,0,1
11.204822974428827,37,2,7,7,1,1,0,1,1
11.090919304841822,45,2,10,14,1,0,0,0,1
11.351688066901335,43,2,11,16,1,0,0,0,1
11.281774943254103,44,2,13,17,1,0,0,0,1
10.921793209817013,32,3,3,3,1,0,1,0,1
11.0725583048528,40,3,8,10,1,1,0,1,1
11.163424724779496,48,3,13,17,1,1,0,0,1
11.220244250940128,44,3,16,16,1,1,0,0,1
11.366696657424145,56,4,4,20,1,0,0,0,1
11.555247134415698,59,4,4,32,1,0,0,0,1
11.137271554433694,38,4,10,10,1,0,0,1,1
11.176221201432853,38,4,10,10,1,0,0,1,1
11.22598978056824,42,5,12,14,1,0,0,0,1
11.596144660720972,45,6,6,16,1,1,0,0,1
11.504742072162209,45,6,11,19,1,0,0,0,1
11.019350194610766,46,6,12,17,1,0,0,1,1
11.301389286697734,50,6,12,21,1,0,0,0,1
11.234255990107805,48,6,21,21,1,0,0,0,1
11.435244965085712,47,8,17,20,1,0,0,0,1
11.340225472120236,57,9,28,28,0,0,0,0,1
11.520724969602611,48,10,17,20,1,1,0,0,1
11.44521391509716,57,10,30,31,1,0,0,0,1
11.52727205867715,58,11,11,32,1,0,0,0,1
11.184921273039844,47,11,16,19,1,1,0,0,1
11.28446781883225,44,12,16,16,1,0,0,0,1
11.600276784172957,53,12,22,27,1,0,0,0,1
11.284618606699139,58,12,23,25,1,0,0,0,1
11.198406482564856,63,14,27,27,1,1,0,0,1
11.529654746924106,52,15,19,26,1,0,0,0,1
11.659222528586815,57,16,17,29,1,0,0,0,1
11.606197204930671,54,16,26,26,1,0,0,0,1
11.379931070993262,56,16,29,28,1,0,0,0,1
11.587940168775674,62,18,29,29,1,1,0,0,1
11.03766001660279,55,20,26,27,1,0,0,1,1
11.028271034951294,57,27,31,31,1,0,0,1,1
11.186128273789878,64,28,28,37,1,0,0,0,1
10.819778284410283,32,0,0,3,1,0,1,0,1
10.714417768752456,35,0,0,5,1,1,1,0,1
11.313034465466169,52,0,0,24,1,1,0,0,1
10.896739325546411,37,0,2,8,1,1,0,1,1
11.200978021980525,49,0,11,18,1,0,0,0,1
10.799779637903594,29,1,2,2,1,0,1,0,1
10.807806912629063,39,2,2,2,0,0,1,0,1
10.839580911706463,31,2,3,3,1,0,1,0,1
10.808090244615093,30,2,4,4,1,0,1,0,1
10.768484990022733,35,3,3,6,1,0,1,0,1
10.801390256097005,41,3,3,8,0,0,1,0,1
11.074094868375386,54,3,8,11,1,1,0,1,1
11.07330360021057,44,3,9,8,1,1,0,1,1
11.074931999853908,37,3,9,9,1,0,0,1,1
11.424301879980503,46,3,14,15,1,0,0,0,1
11.0805412675108,48,3,20,20,1,0,0,0,1
10.866050996740961,35,4,4,7,1,1,1,0,1
11.09049220863191,43,4,10,9,1,0,0,1,1
11.08049503863161,45,4,10,12,1,0,0,1,1
11.264656394875283,51,4,21,21,1,0,0,0,1
11.164757094468174,43,5,8,11,1,0,0,1,1
10.962613759510507,48,5,11,11,1,0,0,1,1
11.249844944052318,53,7,12,24,1,1,0,0,1
10.980927275971437,44,7,13,13,1,0,0,1,1
11.410183739508314,49,9,15,24,1,1,0,0,1
11.13309886341707,46,10,17,15,1,0,0,1,1
11.378387851990043,60,11,11,31,1,0,0,0,1
11.188690052094746,53,11,25,25,1,0,0,0,1
10.880101684393388,49,14,19,20,1,1,0,1,1
11.371189074654982,58,14,22,28,1,0,0,0,1
11.142745451001325,65,28,34,35,1,1,0,0,1
11.506021688653433,63,30,30,39,1,0,0,0,1
11.282241052697477,61,30,32,33,1,0,0,1,1
11.093493269633449,73,34,34,46,1,0,0,0,1
10.933106969717286,45,0,0,16,1,0,1,0,1
11.12017912926984,40,0,6,13,1,0,0,1,1
11.234123844324385,45,0,9,16,1,0,0,0,1
10.839580911706463,31,1,1,3,1,0,1,0,1
10.757902880692196,32,1,3,3,1,1,1,0,1
10.843494811027599,32,2,2,2,0,0,1,0,1
10.823351891463572,35,2,2,7,1,0,1,0,1
11.002699661276205,44,2,8,17,0,0,0,1,1
11.221396000789554,37,3,3,10,1,1,0,1,1
10.90668965639958,41,3,3,12,0,0,1,0,1
11.476956259930459,57,3,3,27,1,0,0,0,1
10.873906556448501,34,4,5,5,0,0,1,0,1
11.08988175458777,42,5,11,12,0,0,0,1,1
11.49186524723858,45,5,15,18,1,0,0,0,1
11.138857274559097,50,6,13,17,1,1,0,1,1
11.14583936973118,63,7,29,29,1,0,0,0,1
11.310246086788373,64,9,9,33,1,0,0,0,1
11.627494452213256,65,11,11,35,1,0,0,0,1
11.109099013530573,60,12,25,27,1,1,0,0,1
11.026678626178281,47,14,19,19,1,0,0,1,1
11.408009295020669,63,14,32,33,1,0,0,0,1
11.16441708369789,56,19,27,26,1,0,0,1,1
10.816432694159186,43,2,8,11,1,0,0,1,1
10.871041578347825,44,2,9,16,0,1,0,1,1
11.061986936212666,50,5,14,23,1,0,0,0,1
10.822494591904512,53,7,7,21,0,0,0,1,1
11.41140202276584,51,7,10,19,1,0,0,1,1
10.804217846292227,43,8,14,15,0,0,0,1,1
10.93857414032436,47,9,17,17,0,0,0,1,1
11.021379455936193,54,21,25,27,1,0,0,1,1
11.17767647987171,63,24,27,32,1,0,0,0,1
10.926280148482137,62,25,25,23,1,1,0,1,1
10.823790225800138,41,2,8,9,0,0,0,1,1
11.045111436797486,47,2,18,20,1,0,0,0,1
10.632701439132466,49,3,4,4,0,0,1,0,1
10.616290290754515,43,3,8,8,1,0,1,0,1
10.663732476628567,47,3,13,7,1,0,1,0,1
11.113089483558081,55,7,18,23,1,0,0,0,1
11.24261168667954,56,18,18,28,1,0,0,0,1
10.82436773674409,68,23,27,27,1,0,0,1,1
11.012281168477989,67,23,30,30,1,0,0,0,1
11.034760623443786,45,0,8,13,0,0,0,0,1
11.317093046148326,47,1,1,21,1,0,0,0,1
10.654903641220049,36,1,2,2,1,0,1,0,1
11.110401028844823,47,1,15,18,0,0,0,0,1
10.771763819308523,42,2,2,6,0,0,1,0,1
11.244915292315913,47,2,14,16,1,0,0,0,1
10.808838664371898,41,3,3,5,1,0,1,0,1
10.837421719582878,44,3,7,13,1,0,0,1,1
11.097303954777678,51,3,16,21,0,0,0,0,1
10.806652517191354,44,9,15,15,1,0,0,1,1
11.128012703048789,49,13,16,21,1,0,0,0,1
10.934267010894981,55,14,19,19,0,0,0,1,1
11.095195449441992,57,19,25,29,1,0,0,0,1
11.042553767995877,64,23,42,33,1,0,0,0,1
11.271770680854168,68,0,9,18,0,0,0,0,1
11.41751528016557,56,1,1,24,0,1,0,0,1
10.747680597969852,52,1,7,7,1,0,0,1,1
10.80220477079312,47,2,10,9,0,0,0,1,1
10.78274078630772,59,5,13,22,0,0,0,1,1
10.880327609274326,52,6,12,12,0,0,0,1,1
10.987324555622083,49,8,14,25,1,0,0,1,0
11.241064246858588,53,8,16,22,1,0,0,0,1
11.341092707890446,54,10,18,20,1,0,0,0,1
11.291455512408028,62,10,23,23,0,0,0,0,1
10.868168368558376,54,13,18,20,1,0,0,1,1
10.869253927870808,52,13,19,18,1,0,0,1,1
11.262873097098801,67,15,15,36,1,0,0,0,1
11.462400296551008,56,19,28,29,1,0,0,0,1
11.181221840424117,65,30,30,35,1,0,0,0,1
10.882753083571671,43,0,6,14,0,0,0,1,1
10.911171712839494,50,0,16,20,1,0,0,0,1
10.709963418403076,39,1,1,4,1,0,1,0,1
10.786283546526374,38,4,4,7,1,0,1,0,1
11.005942448921688,47,4,17,19,1,1,0,0,1
11.092732431457451,55,4,32,22,1,0,0,0,1
10.903144693233813,44,5,15,4,0,0,0,1,1
10.897239200588063,46,6,12,17,1,0,0,1,1
11.255397486794188,53,12,21,24,1,0,0,0,1
11.23261614684786,57,14,14,29,1,0,0,0,1
11.44636890896934,53,15,18,26,1,0,0,0,1
10.916832397224534,51,16,21,22,0,1,0,1,1
10.814524507461735,50,16,23,23,1,0,0,1,1
10.880289958671913,53,17,25,25,1,0,0,1,1
10.781619407309512,55,18,30,24,1,0,0,1,1
11.447821450638182,47,6,6,20,1,0,0,0,1
11.03488966402723,43,0,3,14,1,0,0,0,1
10.709963418403076,38,1,1,5,1,0,1,0,1
11.040358553321328,36,1,7,10,0,0,0,1,1
11.074420502783864,41,2,2,14,1,0,0,1,1
10.998627151725264,37,2,8,10,1,0,0,1,1
10.998627151725264,37,2,9,9,1,0,0,1,1
10.758753582572508,35,3,3,7,1,0,1,0,1
11.012297666180684,40,3,9,11,0,0,0,1,1
10.72170228324594,37,4,4,9,1,0,1,0,1
10.806267422382335,38,4,4,10,1,0,1,0,1
10.86364204805667,42,4,4,13,1,0,0,1,1
10.734372889867487,35,5,5,8,1,0,1,0,1
11.211874424779493,48,7,12,21,1,0,0,0,1
11.207486670929189,48,8,18,22,0,0,0,0,1
11.12480408117969,55,12,27,29,1,0,0,0,1
11.055988099093101,61,12,32,35,1,0,0,0,1
10.950964429089467,50,13,13,23,1,0,0,1,1
11.254582105817278,56,13,27,26,1,0,0,0,1
11.3948173764899,55,14,19,27,1,0,0,0,1
11.18597574493043,54,14,24,25,1,0,0,0,1
11.387838319128369,55,18,26,30,1,0,0,0,1
11.376532840064673,56,19,28,30,1,0,0,0,1
11.232033619988815,56,19,29,29,1,0,0,0,1
11.015098326989895,59,20,32,31,1,0,0,0,1
11.230761473202353,61,21,28,34,1,0,0,0,1
10.473845437003453,56,22,28,29,1,0,0,1,1
11.197872195722315,66,23,24,40,1,0,0,0,1
11.326354893886858,60,27,27,33,1,0,0,0,1
10.93828994344506,65,29,29,37,1,0,0,1,1
11.398580263185368,61,29,31,36,1,0,0,0,1
11.189008085269668,63,29,37,37,1,0,0,0,1
10.859806363863356,68,29,40,40,1,0,0,1,1
10.706273583613463,40,1,1,6,0,1,1,0,1
10.706273583613463,34,1,1,7,0,0,1,0,1
10.693080631364326,36,1,1,7,1,0,1,0,1
10.719869547430703,37,1,8,10,1,0,0,1,1
10.747207591575448,36,2,2,7,0,1,1,0,1
10.929403692471466,46,2,18,18,1,0,0,0,1
10.803242315770184,39,3,3,9,0,1,1,0,1
10.7812453346935,39,3,3,13,1,0,1,0,1
10.929385768915433,40,3,3,14,1,0,0,1,1
10.800452743290393,37,4,4,7,1,0,1,0,1
10.800575077425847,43,4,4,12,0,0,1,0,1
10.935122793721016,46,4,9,19,1,0,0,1,1
11.07126825283867,50,5,15,22,0,1,0,0,1
10.841344062324843,44,7,13,15,1,0,0,1,1
10.991291642487635,42,8,14,16,1,0,0,1,1
11.189118681799815,55,11,27,27,1,0,0,0,1
11.084248023118157,59,13,13,31,1,1,0,0,1
11.32856984086328,63,16,16,27,1,0,0,0,1
11.15240026114191,57,16,28,28,1,0,0,0,1
11.316156038541118,65,20,32,34,1,0,0,0,1
10.7178562946849,56,21,24,28,1,0,0,1,1
10.651690938844151,60,22,29,31,1,0,0,1,1
10.714417768752456,40,0,0,10,1,0,1,0,1
11.251560700835821,42,0,10,14,0,0,0,0,1
10.696276427422939,38,1,1,4,1,0,1,0,1
11.212104115711089,46,1,1,14,0,0,0,0,1
10.790926032503254,43,1,8,10,0,0,0,1,1
10.952979622572824,49,1,9,16,1,0,0,1,1
11.258291246564648,46,2,2,22,1,0,0,0,1
10.909326441051883,44,2,7,13,0,0,0,1,1
10.734786684478816,41,2,8,9,1,0,0,1,1
10.825024498930237,48,2,8,16,1,0,0,1,1
10.719228401304807,38,3,3,9,1,0,1,0,1
10.957869266290823,49,3,17,19,1,0,0,0,1
10.912740254782156,42,4,10,15,1,0,0,1,1
10.827250299248984,47,4,10,18,1,1,0,1,1
10.709829480862416,40,5,5,12,1,1,1,0,1
10.936583063952368,43,5,11,13,1,0,0,1,1
11.130698253329243,54,6,22,22,0,0,0,0,1
10.965919833749481,56,7,7,20,0,0,0,1,1
11.086303112486313,49,8,18,23,1,0,0,0,1
10.914470091243263,44,9,15,15,1,0,0,1,1
11.465508857040371,54,10,10,28,1,0,0,0,1
10.685377942930462,49,14,19,22,1,0,0,1,1
10.969387237621987,54,14,26,26,1,0,0,0,1
10.827250299248984,48,16,21,21,1,0,0,1,1
10.939727860311402,64,23,28,29,1,0,0,1,1
10.877613136081234,58,24,29,30,1,0,0,1,1
10.672066828211927,62,24,30,31,1,0,0,1,1
11.452771982150384,70,24,41,41,1,0,0,0,1
10.742421965162054,67,26,26,33,1,0,0,1,1
11.695247021764184,53,1,1,22,1,1,0,0,1
11.156250521031495,42,1,3,9,0,0,0,1,1
10.971984217299614,48,2,2,22,1,0,1,0,0
11.018629143155449,38,2,7,7,1,0,0,1,1
11.376039881904545,53,4,4,26,1,0,0,0,1
11.608235644774552,59,4,4,30,1,0,0,0,1
11.708459353236318,59,4,4,32,1,0,0,0,1
11.428325723104077,53,4,5,17,1,0,0,0,1
11.082142548877775,38,5,9,12,1,0,0,1,1
11.571194373094205,58,10,10,26,1,0,0,0,1
11.69824253074398,63,10,16,31,1,0,0,0,1
11.649508446756762,55,11,13,24,1,0,0,0,1
11.453971322126558,58,13,22,28,1,0,0,0,1
